14
13 3
6048 2794 6123 1643 6907 6993 2382 6961 1094 488 7424 6469 6009
10 6
469 706 278 545 711 386 298 242 385 316
18 17
1042 271 839 45 1253 1060 428 676 418 1298 1230 668 665 158 916 659 458 202
11 10
16073873 456996657 980038523 123316193 427829862 54109396 319462445 181390046 543060523 490620628 938036110
6 2
274592090 858952753 241301573 721888021 806214246 383142174
12 5
5940 28062 23820 1965 3005 18306 23749 18322 17322 15504 14570 4481
17 13
1905 1798 5250 986 1239 3311 3519 5262 2444 151 5580 5008 1914 2366 5285 1528 331
4 3
792050646 886157889 58701906 576742651
9 6
3584 5153 5516 6249 2453 3992 6179 1646 4810
7 6
149042184 953621985 987837168 343845676 726735692 6723177 435784762
4 3
149479138 621021707 506424026 519149062
2 2
1557 4228
5 2
4150 9442 5146 9633 3537
6 4
160913372 862781533 10044128 722271773 201193061 944524755
